     1830.42920600
      266.60173400
     2739.48175800
       29.31543900
       29.32642600
     1350.50246000
      679.71474300
     1328.75902500
      503.02887000
      355.56175300
      414.51710500
      352.80776500
      235.10727200
      470.20062900
      966.89385700
       29.08545200
       29.11841200
       58.14673300
     2446.35813000
      322.87853700
      499.33295600
      204.32767700
      175.24954900
      145.68947400
       88.48905900
      495.66560800
       59.26590800
      177.59190600
        0.00000000
       29.89773200
      973.20093100
       29.60036000
       59.16702800
       29.66261800
       59.34208200
       59.30545900
      888.53669800
       59.13333600
      381.17322300
      409.22080000
       28.96093600
       29.78640100
       30.10135200
        0.00000000
     1941.58238600
      265.52211000
       29.64357400
       29.64210900
      177.46665900
       58.68141700
       58.69020700
      263.76790600
       57.92333800
       28.44676000
       29.15796400
       28.87524000
       85.90353100
       29.88235100
       29.87209700
       88.61943400
       59.16922500
      118.44758400
       29.65675800
       29.64137700
      444.07937700
      532.39777900
      470.59614800
      175.99517800
      146.64238500
      467.14047800
        0.00000000
        0.00000000
       28.61082800
       84.29508300
       85.95699900
       29.28540900
       30.09256300
        0.00000000
      650.76259700
      118.30475800
       59.24613200
      266.72551700
       29.65089900
      148.12778200
     1481.24338700
      293.62755300
      117.15042600
       57.87206600
       57.98632700
       28.23654900
       28.23288700
       83.82192400
     1846.18564300
     2610.13321500
      201.23603000
       29.89407000
       30.18924500
     2534.37256900
      147.91171000
     1209.33801800
      264.38975200
      381.80825100
      528.16791200
      234.48469300
       29.29053600
      587.83300300
       55.83733600
       87.21900100
      233.72807900
       60.17560300
       59.11209400
       29.55494900
       29.64577200
       59.26737300
      352.58437000
      146.81084600
      380.13095600
       28.88329700
      374.43913100
       57.86254400
       29.57838700
       59.14871700
       59.28641600
       29.68312600
      207.72109100
      205.33771900
      379.97787300
       28.96972600
       29.25611100
        0.00000000
      522.00146400
      117.69243500
       30.13650900
      443.78713300
       29.56080800
      266.61345200
      148.16074100
       29.60109300
       29.62526300
        0.00000000
       88.20413800
      176.20612200
      146.93169900
      381.97305300
      352.66054200
       58.48072700
      617.13379400
       57.77611600
      115.68260700
       29.25171700
       58.72609700
       59.21097400
       30.08670300
      207.25379200
     1868.07986700
      326.83959700
       29.68532400
       29.68019700
       29.68825300
      295.48210200
       58.79421300
      529.13620500
      264.67320800
      558.33518500
      438.49375800
       57.98779200
      496.13583800
       59.10843200
       59.82769200
      118.50544700
       29.66188500
       29.68312600
      148.63609700
      738.04312200
      176.43025000
       88.21805400
      205.60432900
      499.06268500
       86.52830600
       28.90234100
      670.56431900
      146.86724500
       87.73464200
     1211.18670900
     1568.18186300
      680.94305200
      294.44642600
      411.75579200
      205.84383700
      817.05435200
      350.01129300
       57.75560800
       28.99462900
       29.45533600
      316.07119900
       29.62965800
       29.88088600
       59.63945400
     2736.92764400
      444.64409300
     1067.53196800
     2343.27503200
      352.74184500
      205.95077500
      617.00708000
      264.50547900
       86.46824600
       58.06909400
       29.83986900
       29.71169200
      173.47923300
      412.59663600
       58.65285200
       29.64577200
       59.68926000
     3081.98248600
     1030.19040300
      264.40366900
      146.95953300
      558.35203500
      528.96554500
      203.13379200
       29.58790900
       59.72222100
        0.00000000
      230.70601600
      175.43778800
       29.81789600
      234.88094800
      580.55250900
       28.84228000
      262.42753300
       89.75399000
       30.18924500
        0.00000000
      402.97964400
     2730.87545200
      412.16010000
      295.22428200
      147.70369500
       29.69557800
       59.79107100
      415.54838600
      594.82271700
      589.24735100
       58.77663500
      734.33329500
      147.00567600
      615.98312400
      205.78890300
      613.50233500
      176.25519500
       30.03470000
      118.74275900
     1176.14941800
      205.65706300
      385.00830200
      498.92791600
       29.39161400
      292.94344900
       87.87966500
      173.12619300
      147.09650000
     2164.82543200
     3218.92364400
      118.33259100
       29.89626800
      415.74248400
      385.89163000
      617.29493000
      440.22598900
      117.17752600
      347.57811100
       59.81084600
     1481.18918100
      205.13629600
      410.22571400
      381.59144800
      880.13849100
      351.80504600
      523.89483300
      319.21192100
      115.61156100
       58.43092100
      288.98385600
       58.83156800
      237.60856900
      356.22608000
      267.69600400
      820.48878600
      173.75170300
      259.18719800
      530.34253800
       29.89919700
        0.00000000
      148.52696300
       89.14532900
      564.43131800
      705.57304400
      498.07169100
      498.24161600
      378.19217500
       58.31373000
       58.23755600
       29.22754600
        0.00000000
      114.21039500
     2506.38212300
       29.89993000
       59.22049700
      118.65559800
      175.88091700
      410.07410300
      117.25150200
       29.29786100
      406.46974100
       28.92284900
      145.39796200
      116.83913700
       58.93704000
      202.31785100
       88.95562700
     1035.28309100
       29.90139500
      207.30726000
      534.09485300
       59.42704500
      445.23151300
      118.96542400
       59.42704600
       29.42017900
      117.75908700
      146.19412800
      612.75670500
      116.97097600
      202.73534400
       29.28980400
       29.90798700
       88.86333800
      237.74846800
       59.43510200
      207.72988000
       59.41386100
      236.64613800
      176.72542400
     2022.85320900
     2163.60820900
      175.68095900
       29.26123800
      378.65215000
       87.82692900
       59.02053900
      173.38621100
       59.72954500
       29.92410000
        0.00000000
       59.27762700
      178.30530700
      267.28803400
       59.44096200
       89.12775000
      148.53428800
       29.68752100
      413.74437800
       29.30079000
      555.05310300
      586.19013000
       29.25464600
      263.95541300
       29.42091100
      232.32545100
     2208.10134900
       29.87429400
       29.88381600
       29.87722400
       29.95266600
     1730.23707000
      296.59321900
      653.75243300
       59.57133600
       89.16364000
      475.54380900
      327.25123100
      237.96526900
      526.02844400
      380.88903500
      116.97537200
      466.65852800
      262.30448300
      584.33192000
      234.63045100
       59.01028500
      348.34644600
      796.17960100
     2905.56981400
       29.54982100
       29.87282900
       29.89773200
       59.80571900
       29.92410000
       30.02591000
      415.75639900
      564.63347100
       59.30106500
       29.73000300
      207.55702400
      415.23490200
      148.38486900
      208.18985500
     5989.91020800
      410.30262200
     1578.50208800
       29.25025200
     4509.40156100
      266.19010100
       29.85671600
       29.96072300
       29.45094100
       29.46266100
       59.43510300
       29.71681900
      357.03909500
       59.38163400
       59.35966100
       29.68678900
      385.08301100
      148.09335600
       89.23541900
     2063.74273400
       58.55104200
      117.12332600
      969.12854300
      204.44486900
      146.71269900
        0.00000000
      202.54051300
      562.05746700
       29.94167900
       29.91164900
       59.94561600
       59.22342600
     2272.98720500
      118.98080300
      950.61372600
       59.24027200
      178.31995500
       59.43510200
       88.01223700
       29.31983400
       85.64644300
       89.71370500
       59.61235400
      118.90755900
       29.38062700
      118.85409100
       59.35746300
       29.68019700
     3439.32425600
      790.44602600
      380.27524700
       87.88039800
       58.67336000
      146.09451800
        0.00000000
      821.79546400
      502.81792700
     1156.61943400
      414.48048300
     2210.30738600
      209.32661000
      148.72032800
       29.48463400
      326.15109600
       59.26590800
       58.63820300
      174.58375900
      173.00387500
     2469.00027800
      630.22037300
      687.34534800
      238.09125000
      741.13330400
       29.69631000
      177.93249200
       29.63112300
      234.52278300
      349.07083400
      173.01706000
      176.92464900
      504.99401800
     1494.79140700
       59.49809300
      417.10263300
        0.00000000
      266.75261800
     1522.89254300
      142.85930900
      446.09360000
      748.31418600
      715.93639900
      118.23444300
      118.37727000
      682.33396400
      148.28306000
       29.63405300
     4764.50291500
      175.87652200
      117.22293700
      145.53712700
       28.14572600
      178.73525100
      391.35346400
      356.72634100
      445.69734600
      378.35990500
      583.62071600
      905.76387800
      203.23120900
        0.00000000
       56.39179600
     1167.86767100
      208.58244500
      358.10846300
       30.25150300
      266.81926900
      118.35163500
      379.34870300
      263.98544300
       88.03054900
       58.60451100
      146.65996300
      115.28782000
      286.22107500
      493.57521400
       59.71855800
       59.77422400
       29.79006300
       59.88995000
       59.59111300
      326.86962500
       29.62013600
       87.88772200
       28.75585200
      113.75042000
       30.02517800
      210.10226800
       59.49296600
      237.16031500
       59.24979400
      118.41975100
      296.91476200
     3027.94860400
      439.57411500
      263.02740500
      551.63405100
       28.78588200
        0.00000000
     1172.90761700
      296.03729300
       30.23831900
       30.23099500
       30.22293800
       30.21048600
      179.77312700
      180.46162300
      240.68630100
      268.28708800
      505.05700800
       28.70311600
       28.83275900
     1027.96743700
      442.25046800
      263.20246000
       29.92849500
        0.00000000
       30.12625500
      149.34876600
       90.20371100
      150.50016700
      331.08923700
      120.11462800
      389.75820200
     1487.85003200
     1041.22540600
      377.08618500
       86.27780900
       57.68749000
      293.90881100
      610.74834400
      263.26984500
       60.19098400
        0.00000000
       30.06839200
      477.34562400
      570.69737900
      181.00802600
       30.05813800
      150.02920600
       89.47859200
      356.76296300
      297.07150600
       89.42731900
       89.43244700
      262.73076400
      873.74498900
        0.00000000
       88.16312200
      116.91531100
      117.95538200
       30.00686700
      302.10559300
       60.00567600
       30.19437200
       29.97610400
       29.98049900
       59.93536200
      120.19373200
      270.10428200
       59.46220300
      208.13418900
      115.98144400
      291.25736200
      320.06229000
       58.36353700
      204.81768200
       57.88964500
       29.12427100
        0.00000000
      176.03912400
      237.35441100
       58.52687100
      117.16727200
       30.10281700
        0.00000000
       30.19730200
       30.27860300
        0.00000000
       89.90414100
      209.73018400
      180.65645400
       30.08597100
      564.77483300
      238.45747200
       86.96704100
      116.37476700
      638.04223600
       57.88378500
       29.08471900
       58.10718100
        0.00000000
       29.28394400
      265.29651700
       89.03839200
      326.94872900
      174.29151300
      581.64311700
       29.82668500
        0.00000000
       30.22220500
      178.99307200
       29.77614700
      120.04211600
      180.28876700
      392.70482500
      120.89468000
       30.15628500
       30.32401500
        0.00000000
        0.00000000
       29.84426400
       29.86477200
       29.93362200
      240.95657200
      328.56376900
      713.45268200
      145.51002500
       57.85009300
      174.79397000
      203.56666800
      261.88625800
      116.40553100
        0.00000000
        0.00000000
      885.45530500
       87.65626900
      207.58558800
      383.02264200
      291.73784600
       58.68654400
       29.94534100
        0.00000000
       30.29911200
       30.25150300
       30.27274400
      209.57490800
      570.99988100
      119.80773400
       89.15485200
      204.05740700
      380.81432600
     1212.78353200
      174.88845600
     1136.51164400
      496.81920800
       28.97192300
      174.77053100
       58.30640600
       29.06787300
       29.42603800
       29.60841700
        0.00000000
     1064.00891200
      674.72386800
       87.44679100
       29.32862300
      617.02392700
      322.58922200
       29.25244900
       29.40260000
        0.00000000
       30.19290700
      451.93630700
       60.40852000
       29.80105000
      925.27326300
      743.82064400
      668.54496900
      322.06112900
       29.23267300
     3181.66493600
      233.46147000
       29.19898100
        0.00000000
      443.21582500
      968.70446000
      117.23026300
      568.61137700
     1047.45347400
      206.74547500
       90.85778300
      240.18384300
      451.50709600
       90.35532700
      178.96011200
      585.15079100
       87.81814000
       58.45728900
      261.95217600
      116.68971800
     1630.91515800
      147.32721900
      179.19156400
       59.84234100
      119.81652200
      149.79482300
      174.78005300
      544.26703600
       30.18851300
      150.95501500
        0.00000000
      981.44459300
     2968.77342800
      292.82332800
       87.77492600
      958.56083600
       29.31031200
      446.21006000
       29.70290200
      269.77468400
      690.12717000
      210.20993700
       59.27176700
      180.95968500
       60.26276500
       89.81405000
     1252.64900200
       29.83108000
      175.58281100
      173.49974100
      173.50633300
       28.96240100
      175.73442800
      117.14017200
       58.56422700
       87.80495600
       29.26563300
       89.43684200
      209.79757100
      150.18594900
      150.13028300
      119.51841800
       88.13089400
      412.23114700
      151.08685600
       60.24958000
      120.45448100
      898.89858700
       59.39335300
      409.47129800
       58.56862100
      234.05914400
     1372.99591100
       29.26856300
      472.57447900
      413.94360200
      562.84411100
      269.63405200
      150.13760700
      120.28235700
        0.00000000
       30.39725900
       91.03283800
      120.99649100
      120.89101800
        0.00000000
      416.36872400
     6894.63676500
     2815.50682000
       87.62111300
      146.20658000
       29.24292700
      621.77382800
       29.34107500
       29.63698200
      148.90563700
      298.26246000
      868.06186000
      720.34571200
       90.20224700
      265.78212800
       86.91064100
      895.73818100
      520.52046100
       87.03003000
       30.40824600
       60.84212800
        0.00000000
        0.00000000
       30.27201100
       30.22660000
       90.40952700
      120.98330600
      468.28455300
      203.50807200
      704.82815000
      118.60725800
      239.92822100
       30.06692700
       60.16608200
      236.56996400
      260.15256300
       91.05261400
       30.43754400
        0.00000000
        0.00000000
       30.09549200
       30.15628500
      120.63173300
      179.62517100
     1292.82229000
      647.46439800
       58.49684100
     3822.58265700
       28.93310300
       86.77587200
       58.74660500
       59.20291800
      207.63100200
      208.83001200
       59.72515100
      358.61165300
       89.99496500
      301.93273700
       60.13824900
       30.06619500
       58.32325200
       28.84228000
       30.42289500
        0.00000000
      121.05142500
      388.45811200
      267.85348100
     1057.32975300
      116.20630400
       57.85229100
      498.58293200
      533.73668500
      148.30430100
       29.61500900
      239.14304000
     3352.40317600
      391.57027000
       30.11380400
      181.25193100
       30.11160600
      819.54100400
       57.67137700
      115.03439500
       60.57551800
       60.22174800
       60.27448400
       30.26249000
      122.02337700
       30.36137000
     1641.97579600
      238.74971700
       29.23267300
      436.55864200
      934.68819000
     1549.39393200
      234.54402400
       88.99078400
      119.37778800
      965.76067300
      271.05719100
       90.27915300
        0.00000000
      121.04483200
        0.00000000
       91.23865500
       60.36237700
      118.93978700
     1427.23349400
     4368.57011400
      437.89388900
      421.04318200
       59.64604600
       59.87749800
      238.79439800
      208.37003600
      180.88131500
      181.55589600
       90.38316000
       56.99752800
       60.21955000
       29.98196400
       60.13605200
      206.40928300
       59.04104700
       29.49122600
      178.67153000
       30.32181800
       59.28861300
       89.58113300
       59.69658500
       59.94634800
      211.73928100
      143.00286900
       60.23712900
      210.46629300
      148.70494800
      178.53163200
      595.09958000
     1473.87938900
     4900.29129900
     4495.53089900
       59.24100400
      119.24448300
      178.99673400
      121.27921400
       30.12552300
      293.20053800
       28.76097900
       56.98580800
     1561.13427800
        0.00000000
       60.39973200
       30.08816800
       90.47032100
       30.12991700
       30.13943900
        0.00000000
       30.05667300
        0.00000000
     2471.26352700
      824.16492100
      706.26886900
      117.69682900
      574.46873300
       29.57472500
      149.49305700
     7489.87386700
      148.88439600
     3734.02530000
      151.89474100
      151.97384600
      242.28449300
       60.24958100
      234.62166200
       57.47068700
      765.44908000
       28.69139700
      342.95858700
      141.80458900
       28.13913400
       30.09256300
       30.14017200
       60.18878800
      120.59730700
       89.60310700
       60.00714100
        0.00000000
      503.51155100
      118.78084600
      543.08926600
      547.53959700
       60.75276900
      121.46086000
       30.18045600
      235.45005700
     1867.08667800
       28.63792800
       84.51042200
       28.90380600
       60.58137800
       30.02517800
       30.06180000
       60.32135900
       61.65953600
      270.67119300
      294.77529200
     8890.57548900
     4696.14864700
       30.26541900
       91.05847300
       30.44560100
      151.60908900
       30.12918500
      113.89251300
       27.92379500
      226.83211800
        0.00000000
       30.05227800
      180.10785400
       30.01052900
      240.36036100
      477.62175400
       59.97051900
       29.71901600
       58.88869800
       29.89773200
        0.00000000
      577.04986600
     1060.71941200
      181.72728700
       30.14603100
      114.91134500
       85.52925200
      170.23963200
       60.17487100
      296.18671300
       87.96682600
       59.68340100
      121.64909800
      271.82186300
      207.47792100
     2055.90850700
      323.42494000
       90.84606500
       57.87426400
      115.50975100
       28.29294700
       57.73436700
      149.67177300
       58.32618200
      207.32337200
     2368.45655600
       58.91360200
      294.90347100
     1147.38990300
     6494.41972100
     1532.13818700
       91.30091200
      243.35679100
       27.81099900
       28.52220200
        0.00000000
       59.99615500
       30.00247200
       29.99514800
      146.26737300
       89.14825900
       60.69856900
       57.85302300
      145.80593300
       57.57176400
       28.15451500
       27.89230000
       28.56468400
      206.55137800
       29.96878000
       29.98123100
      678.25058700
        0.00000000
       91.48182600
      269.59230200
       88.87432500
       89.14752600
      445.17291800
       29.64357400
     1527.52598800
       58.74367500
      235.07431400
      205.94564700
      152.37156300
     1642.92348900
       86.82201600
       28.84081500
       86.49827500
       85.90426400
      113.73430700
       85.25824800
      492.85814900
     2004.46446100
        0.00000000
       30.38993500
       29.86990000
       29.77687900
      237.73235300
      118.42780800
       59.19193100
      770.49269100
      382.18033400
      708.20764600
      303.96966500
      609.64226100
     3687.06390100
      145.09692700
      145.14819600
      322.80602500
       29.37696500
      118.44978100
       30.52909900
       30.38993500
       89.95467900
      235.29990400
      176.25959000
      205.82552600
      176.91146500
      144.20700700
       28.86059100
      114.63155000
      115.72142700
        0.00000000
       30.44853100
        0.00000000
       30.18924500
       90.29746400
      238.43916100
      148.57457200
      410.91274600
     1175.60228400
      176.57454300
     1533.39057900
      172.87935900
      114.73116300
        0.00000000
       59.65410300
      119.60045100
      119.36167500
      235.55479600
      147.34040300
      448.82927900
      182.16821700
      345.54631300
      114.77510900
     1270.44758500
        0.00000000
       30.05813800
       59.87969600
       88.18729200
      795.07580700
      265.96084400
       86.03024400
      114.76924900
      315.39515400
       58.52101200
      291.00686500
       59.56620900
       29.52931300
       59.84893300
       29.85598300
      209.20355900
      176.68587300
     1323.85896800
      676.24955200
      117.59355500
     3012.47188000
     1235.31204900
     1738.68516900
      206.04159500
      548.18707800
      574.44969100
      723.86593100
      115.26364900
     3808.33386900
       59.07766900
       29.88235100
       60.23639600
      741.34790900
     1066.63179500
      176.79280800
       58.88943200
       59.18167700
      686.27451300
      452.78814000
      434.42649400
       90.01254300
      977.35096400
     2629.71950300
      383.00140400
      440.90423400
      323.48866300
      827.48655800
     4043.17499600
      353.48088000
      425.57261800
      405.83690900
       87.55958700
       29.61500900
       60.08331600
      533.06137200
      683.19019000
     5572.35538800
      507.05658000
      900.63310800
      174.26441300
       59.39628200
       30.05447600
     1208.02255200
      147.33747400
      235.72765300
      331.94033500
      243.14877700
      181.16769900
      260.26828800
       29.77028700
      650.73549500
     1299.30954800
       30.24271400
      463.38157200
       89.81698100
      981.45924100
     1178.22589900
      999.53971900
     3343.81893000
     2060.39179600
     1257.19748500
      734.83648200
      206.30308000
      837.04422300
       60.52058400
      873.94631600
      476.02136300
      680.31241700
      441.99777200
      441.22577400
     3569.93609400
      237.75872100
      148.53794900
       59.67241500
       29.81862800
      210.68675900
     1915.56797800
      562.60533400
       30.01931800
      534.58119600
       89.24933600
      561.60481600
      240.90163800
     1889.56849900
     3243.82254000
     1353.05804600
      634.46351800
       58.96780300
        0.00000000
      270.13577700
      117.67046200
      207.78261700
      238.39961000
     1164.23758700
      208.45939300
      178.61439800
      235.67564900
      235.33945700
      383.82247300
       89.87630900
      206.65099000
       29.99661200
      918.76109900
       58.88943200
       58.88283900
       88.43925300
      294.25232800
     1600.11725200
      149.81533300
      739.16742200
      462.74288200
       60.01373300
       30.07058900
      238.07147500
      119.22910300
      235.83678700
      943.71996200
      206.22910100
      147.31916100
      618.92388700
       89.98617500
      149.72377600
      208.71428500
       29.77761200
       29.75563800
      119.15073100
      382.04922600
      620.41441100
     2373.58366700
       58.50709600
      206.28842900
      500.33860300
      355.13913300
      241.42826600
       59.93975700
     5216.19495200
      434.74217800
       30.01272600
       30.12991700
       60.09503500
       29.81936100
      147.50813300
      235.83092700
      559.27417700
       88.35575400
      852.36558200
      389.90029700
      502.85894400
      116.99148500
       59.38456300
      361.96185100
       59.93316500
     1443.08441300
     1071.40742400
       59.94122100
       90.31211300
       29.98489300
       59.53325000
       29.75417300
      208.24771800
      236.30921300
      117.87334800
     1207.85116100
      356.27149400
     3389.80398100
      149.97207600
       30.08084400
      119.48326100
      178.73744900
      178.48988400
      148.71739900
      384.20188000
     2383.76830400
     1067.83007600
       59.25418900
       60.08917500
        0.00000000
       60.09723200
       89.85506800
      596.47584500
      709.45646900
       58.96340800
       88.36454400
       29.43189800
      384.26853300
      177.59337100
     1245.44541700
      147.58284300
      237.79021400
      296.12079300
       29.22754600
      266.11172700
      562.50279100
     2688.67037000
     1235.53609100
      300.21295700
      669.68392100
      119.49205100
       30.04861600
      239.38181600
      354.46455200
       58.95901300
       88.37333300
       29.45094100
       58.86086600
       59.26737200
      892.42890700
     3072.18301000
      147.64949500
      652.38496100
      116.88894300
      323.01843400
     1777.81765400
        0.00000000
       30.01858600
       30.10354900
       59.81817000
       89.04498500
       59.31131900
      177.52671900
       88.39091100
      147.21662100
      324.03872600
     1502.43894900
      177.38096200
      147.63411400
      267.89449700
      118.54792900
     1189.23819500
     2514.67119700
       29.97756900
       29.95632800
      238.07733400
       59.33256000
       29.66994200
      561.74691100
      117.91436600
      325.60322800
     2002.31894700
     2549.18918700
     2562.43332800
       29.57106200
      118.47395200
       30.11819800
       29.92556500
       29.89553500
       29.88235100
      208.11954200
       59.36771700
       88.97979700
       29.61354400
      147.90511900
      265.32142000
      176.76717400
      206.67662600
      502.71025900
     1038.27585600
       59.13260300
      207.45667800
      417.28501300
      387.33967100
      690.71321900
      237.28336500
       90.10336600
        0.00000000
       29.87063200
       29.85671600
      237.61369600
       29.64284200
      206.48912000
       88.56669700
      236.26087200
       59.11282700
       29.86404000
       29.88015400
      119.10531900
       29.71315700
       59.33402600
       59.24979400
      148.09482100
       59.24100400
      176.89242200
       29.50660700
      265.66786600
     1039.65724500
      921.23603100
      119.26572400
     2651.17499400
        0.00000000
      121.40958800
        0.00000000
       29.84572900
       29.85671600
       29.66554800
       88.97027500
      533.45616100
      117.82061200
      558.91601200
      706.93685800
       59.02566600
       29.50880500
       88.50663700
      177.17807500
      387.51619100
      439.12439400
     1738.54454100
       58.95608300
      239.60228200
       30.28080100
       30.46317900
        0.00000000
       29.83181200
       29.83620700
       89.04352000
       29.65309600
      118.61531400
       29.60695200
      147.72493600
      881.69566800
       88.39164400
      235.51304600
      118.14728100
      236.12903100
      353.65520300
       88.65019700
     1097.17847300
     1903.77049900
     2113.36738200
      997.95104700
      146.04983700
       29.46559000
       29.82082600
       29.74465200
       89.18048600
      148.43467500
      266.78044900
      118.11578600
      117.77593300
      618.93340700
      117.80230100
      177.21323400
     2740.90636800
      175.04446500
       29.44874400
      358.67537300
       60.94760000
        0.00000000
       29.81496600
       29.78347100
       29.72853800
      177.87463000
      118.79403100
      266.86980800
      235.78112100
       88.60551800
       29.55421600
      237.56169400
      416.90047900
     5044.47532500
     1041.60261800
      357.67705300
      440.09780800
      178.77334000
       30.47416600
       29.80910700
       59.60649400
       59.40873400
      590.01641800
      265.53236500
      177.18539900
      178.66274000
      298.10205300
      236.58388000
     6194.70354000
      326.72460100
       30.34525600
       30.47123600
        0.00000000
        0.00000000
       29.46998500
       89.46833700
      236.89297100
      177.90319500
      177.92004200
     1472.42915500
     1149.47224400
       88.32865400
      710.23505000
       89.00909400
       89.29548000
       59.63212900
     2287.08466100
     2226.86217700
      675.16626700
     1028.70061100
      149.28064800
      556.45426800
     2006.79720400
       30.22733200
       59.36625200
      118.03155600
      620.41587700
      324.40128700
      265.81948300
      147.42683300
      266.91082500
       59.47026000
       29.78127400
       89.42732000
       59.62407300
     3127.49006700
      358.10846200
      146.48124600
       90.43150100
       29.39161400
       29.64210900
      236.69155000
      207.29041300
      118.57283300
      412.46040300
      147.30158300
      265.21008900
       29.50441000
      297.34324100
      178.55800000
       29.76735700
       59.55595600
      149.05359000
      238.44282400
      623.85177300
      117.95318500
      210.57029800
     1500.95061800
      175.13675300
       88.52714600
       29.44434900
       88.17044600
      944.97830200
      266.28458500
     1097.45533500
       89.23688400
      268.26145300
       29.46485800
     2099.92108200
       29.44508200
      118.31354600
      641.41880600
        0.00000000
       89.03692700
      118.30549000
      266.55192900
       59.07547200
      355.68700100
      148.33286600
      772.64387800
      624.51170300
       89.17023300
       59.48930400
      357.48148800
      177.21323300
      615.67476400
      883.58537500
      238.71529200
       87.88992000
       29.59083800
       54.62953600
       84.28775900
       88.01077300
      147.73445900
      384.57176500
      147.85604500
      621.35193900
      235.98327500
       29.50807200
      148.65733800
      327.45484600
      178.62099000
       89.48518300
      411.55583300
       29.50367700
      117.84771400
      207.26477900
      473.88555400
     1101.97305200
      149.00524800
       29.61647400
     1186.55305600
     2323.08584500
     5355.28180000
       29.22827800
        0.00000000
       29.34327200
       29.33228600
       59.00076300
       88.90728500
      177.35752400
      325.36371800
      624.91015300
       59.66216000
      417.11215500
       59.55742000
     1726.37196000
      819.29855900
      144.11691600
       89.52839800
        0.00000000
       29.33814500
       29.36451300
       88.48466400
      416.08160700
      591.80358500
      861.14758600
       59.59990200
      238.43476500
       29.84499600
      148.93347000
     7472.71270100
      645.79589000
      290.89773200
     2543.76177200
     2671.70265400
      235.94372500
        0.00000000
       29.37257000
      118.03448600
       88.88604300
       59.12454600
       29.70217000
      327.25489000
       59.38016900
      148.13217500
      178.89565800
      178.87002200
      176.80599300
       29.99075300
       29.57985200
       29.50807200
       29.57985200
      207.90200500
      118.76107000
      799.32984200
     1539.63768700
     1008.40741900
      238.37543900
      533.76671800
      744.11142300
      297.83251500
      327.11719000
      261.11718900
       28.74926000
      149.38392200
       89.33137000
      147.95931900
       88.88018400
       29.69704300
      208.43009700
     3131.29731100
       59.59257700
       59.61308600
      238.54536400
      536.74483300
      178.81289000
     1938.45988200
      145.98391700
     1433.25794200
      621.29700700
      235.64415500
      744.01474100
       29.70363500
      505.99380400
      537.73216700
       29.80251500
      857.68459100
     1954.83230000
      488.43125800
       60.84872000
      178.68032000
       89.55330100
       89.65730800
      298.49098200
      267.15326400
       59.62993300
       59.60063400
     1487.83977600
      682.48631400
       88.65019700
       88.95269600
      174.98587000
      237.17935700
      357.07791300
      505.69130700
      113.96356100
       60.11847200
       30.00759900
      148.86095700
      387.72054000
       59.81963500
      268.81444700
      418.22034200
     2392.28882400
     3131.01092600
      524.63826300
     3115.77022800
       59.56914000
       30.38554000
      119.32944700
       59.69072500
      889.92028600
      831.46006500
      386.35013900
       55.96624600
       59.62773500
      149.29310000
      119.23056700
     5536.98995700
     1301.89581000
      650.66225100
      176.94955300
       29.70436700
       29.05688600
       29.67653400
       29.83108000
      208.74797900
      208.94573800
       89.26032300
     6744.84569200
     5701.71729900
      201.54219200
       28.41673000
       29.26197100
       28.80492600
       29.44874400
      208.87249400
       89.46394200
      178.89858700
      178.57411400
      207.73866900
       89.20905200
     1791.33335000
      174.70534400
     1341.73290200
        0.00000000
       29.98049900
      357.85796600
      178.80556600
      148.32041400
      327.12964300
     3013.38587900
      205.37800100
      469.65349400
      117.88506800
      114.66743900
       27.66670700
       28.78588200
       90.27842000
      771.49687500
      414.95583900
      207.84048000
      447.55555800
     2867.60860200
      229.87322700
       55.40372900
       57.56224200
      120.08313400
      119.36313900
      119.30600900
      237.71477400
      357.79863900
      235.43028100
       59.54203900
      118.54133800
      148.46250800
      119.32358800
       59.53837700
      740.83227000
      386.52812300
      208.06753700
      326.99780300
       59.40141000
      963.83004000
     2752.30622300
      143.19696700
       29.35425900
       59.24906100
      148.35557000
      388.19223700
       59.48710600
      118.81453900
     2076.29242900
      287.09781200
       29.38648600
       59.15457600
       29.70070500
       89.13141300
      119.23642700
      326.92236100
      208.20816800
     1159.93886800
      298.33643700
      143.63716500
        0.00000000
       30.03543200
       29.58351400
       59.47319000
      891.59611800
      299.85918600
       59.88775300
      418.09948900
     1197.09448500
     3451.92587300
      234.89706100
       55.94061100
        0.00000000
       29.38209200
       29.50294500
      148.37754500
       59.73833400
      593.37760600
       89.31525600
       59.54716600
      148.71959500
      180.16205400
      660.74361300
       59.91338900
       29.96804700
      450.59227300
     2121.96261100
     1016.23725100
      259.14252400
       29.14844200
      119.00497500
       59.78374500
      119.36680200
       59.64677900
      119.44224400
      267.74947300
      690.51317000
       29.98123100
       29.98709100
      120.13733300
      510.90127400
       29.26563300
      296.81661200
      178.47743200
      982.35941800
       59.37943700
       59.51933400
      118.99838200
       59.73027800
      148.81920900
      237.95648100
     2725.39961600
     2094.18896800
     2739.48103400
      760.34614400
     1329.45924100
      176.20026200
       29.42896800
      149.09753600
      238.59956600
      534.91665500
      148.45738000
      270.83672600
      453.62321900
        0.00000000
        0.00000000
       29.85891300
       29.79006300
      207.76943400
       89.28376100
       60.23273500
       60.27082100
     1019.16336400
      536.69429600
     1404.08889800
      264.02865800
      305.24713900
        0.00000000
        0.00000000
      179.03189000
      118.76986000
      326.35544800
      148.79650400
      120.13147400
      270.45292600
       30.08890000
       60.05621500
       30.15115800
       30.15848300
      654.72951200
     1634.53709300
       25.95132300
       30.31083100
       30.07718100
      267.66377700
      148.21054700
       89.25006800
      148.75109100
      148.84191400
     1647.71816000
      389.82339000
       90.35679200
       30.15628500
      149.96548300
      445.81893400
     2935.54298900
    13916.89909700
     1372.80318500
      141.18274500
      752.36698200
       25.33533700
       26.05313300
        0.00000000
       60.74251500
       30.41483800
       29.95559600
       89.39728900
      149.16125900
       88.95635900
      267.20526800
      149.99990800
      240.75441700
     1135.54838900
       90.00155700
      629.97134300
      622.24405500
      146.55156000
       25.32142100
       25.79604500
       27.23236800
       30.60234400
       59.73613700
       89.52180500
      267.53779600
       29.70363500
       29.70949400
       59.25858300
      118.67024700
      356.46998500
      386.97271500
     1732.87093700
     3797.86825000
      267.54585500
      146.48197800
      649.30942900
      732.34983400
       50.13159600
      126.79241400
      162.05017100
        0.00000000
       30.21707800
       89.84041900
       29.76369500
      208.16714900
      239.89086600
     1877.37018700
      358.88412200
       60.09210500
     1031.04150500
     1046.18845300
      449.02786400
       59.42191900
       29.80251500
       29.76735700
       89.14752600
      178.07532000
      206.83776300
       59.22562300
       29.56813300
       29.60622000
       59.84307400
      894.57789700
      120.17468800
      106.15790200
       59.21390400
       29.72414300
       58.75905600
      237.87664400
      147.79012400
       59.28202100
       29.64723700
       29.64284200
       29.63698200
      535.35099300
      210.02682600
     1276.05142600
      417.50841000
      688.26969100
       27.86739700
       50.64357500
       74.90221800
       29.61720600
       29.65602600
       29.34620200
      621.81850600
       29.68166100
       29.72927000
      506.35416800
     1319.93005100
     1728.27924300
      567.59474300
      209.60274100
      294.83462100
     2647.12604100
       59.69731700
      147.71248500
      315.85146600
      213.08926700
        0.00000000
        0.00000000
       88.72417300
      117.96636800
      502.56230300
      297.63695300
       29.50074800
       29.62233300
        0.00000000
       29.74391900
       59.55595600
       90.04257400
     3800.59074600
     2624.71095800
     2984.47547200
       59.81011300
       91.42469500
       89.24494200
       88.48759400
       29.37623200
      237.95135400
       29.56520300
       29.84133400
      507.23456400
      390.21671200
     3669.18402700
      439.67079900
      519.32438100
       27.69161000
       80.39774800
       24.73693000
       26.01138300
       27.62788800
       29.85232100
        0.00000000
        0.00000000
       29.41798100
      117.95538200
      975.14777200
      177.19931600
       29.44361700
       29.59230300
       29.84792600
       29.91457900
      297.59813100
       89.99276700
       29.98855600
       60.03057900
      447.83251500
      177.32538900
       27.04925700
       55.44987300
       88.20413800
       29.49195800
       59.27469700
        0.00000000
       60.83040800
       88.45756400
       59.26224600
       30.62065500
       30.99420100
        0.00000000
       60.33234700
       29.56959700
      117.16873700
       58.94729400
      147.90365300
       59.07913500
      147.71395100
       29.88674600
       29.93728400
       29.95413100
       29.93874900
     3529.98913700
       59.41312900
     3329.72725700
     5439.83159600
       90.04477100
      891.71404000
     1019.11529800
      205.32526700
       58.76418400
       29.40186800
       30.62505000
       30.66826400
       29.78493600
       30.34818600
       30.58549800
        0.00000000
       30.23978400
      120.06628700
       89.51521300
       29.20557300
       58.31226500
      410.99258300
      765.70250600
       59.90972600
      207.93350000
      179.50065600
     1045.06781000
       60.01153600
       29.99368300
      103.77306300
       27.89889200
      145.66823400
       29.41651700
      234.57698300
       29.70802900
       60.23493100
      119.16977400
       29.94241200
      177.17001900
       58.82277900
       88.09573700
       88.67217100
       59.88628800
      118.62923000
       30.28080100
       89.02374300
      235.51817300
      205.92953200
       29.69264800
       59.19339600
       29.91677600
       29.94387600
      268.65330700
      861.96279600
      238.04364000
      477.47087000
     7077.20544400
      330.24839000
       59.98443600
       29.32715800
      337.00903200
       55.69963700
       29.46632300
       30.32987500
       30.24124900
        0.00000000
       30.00833200
       29.81716400
       88.65459200
      147.95053000
      147.48249800
       59.34574400
       29.96951200
      118.85921800
       58.43458300
      444.01052900
      118.35310000
      206.19907200
       29.91018400
       59.92730500
      118.85116100
       29.72707300
      416.86312300
      386.73247400
      444.48588600
       58.74440700
       29.33668000
      175.23856300
        0.00000000
      263.52473500
       60.63557800
       60.67000300
        0.00000000
       29.90578900
       59.62773500
       59.20804500
       59.15677300
       87.73390900
      117.76934200
       59.04690700
      176.19806400
      147.39680200
      118.19928600
       90.14365000
       29.09790300
       29.22974300
      436.46488800
       58.80153800
      119.70372600
       59.69804900
      179.95770000
      270.45805200
      237.70745000
       89.16583800
      540.93514600
      117.09109700
       26.78338000
       54.66689000
       87.56618000
      117.33426900
       88.49125600
        0.00000000
       29.94460900
       89.80233100
       89.46321000
       29.85158800
       59.53178500
       59.17508400
       88.36527600
       87.93972600
       29.22388400
      263.50935300
       91.27234600
      232.40821500
      144.80248400
       88.02395700
       29.53224300
        0.00000000
        0.00000000
       29.95999000
       89.77376600
       29.86330800
      209.85982900
      300.18512500
     1112.25437100
      148.76867000
      744.20444300
      239.33054700
     1138.27747500
      360.34095200
      329.82283900
      299.63139700
      628.53062500
      266.61491800
      233.00296000
      411.87527200
      182.12070000
       26.88079500
       84.55583300
      146.47978200
       29.77468200
       60.01300100
       29.97317400
       89.20026300
       88.88531100
       29.90139500
       29.67726700
       29.81716400
      118.51936300
      206.30674200
       29.42164400
       87.80788600
      175.70146700
      146.13626600
       29.25757600
        0.00000000
      295.05142300
      207.71449900
      537.99145400
      623.41743100
      686.41294800
      471.05026200
      146.67534400
       29.56300500
       29.59303600
       29.98562600
       89.75179300
       29.84719400
      719.69017700
       59.43070800
      416.89315600
       57.91381600
       26.83318600
       81.00054900
       54.11243000
       26.65154000
       56.61885500
       87.50099200
      380.03866700
       29.60036000
        0.00000000
      237.35953900
       29.61500900
       29.77102000
      177.56480700
      323.55311700
       29.33082100
      116.92996100
       58.89089700
      176.03473000
       59.10184000
      318.80907700
      115.55076700
      382.70696100
      176.09845300
       88.56596600
       29.99441500
       30.04495400
       59.98443600
      119.71984000
       29.71828400
       89.28669100
     2659.42597600
      329.44636300
      118.64094900
       87.15527800
       58.12842200
      720.49677900
      415.39109400
      161.73888300
       28.14499300
       58.40675100
       87.91848500
       59.91192300
      118.27985400
       29.62892500
       59.23661000
       29.65089900
      293.90807900
      234.83480500
      146.68852900
      175.51616000
      177.75817100
       86.46385100
       30.08743600
       59.81963600
      721.21658800
      178.85757000
      148.66539400
      536.31635700
      327.28785100
      477.69133500
      471.45750300
       87.29078000
       54.07361100
       27.48066700
       28.22336500
      116.98782300
        0.00000000
       29.66701300
       59.15823800
       88.77471300
      118.09308200
      146.84746900
      175.68828500
       87.85915700
      117.09988700
      291.66020700
       29.20777000
      262.68608800
       58.63380900
       86.38987500
      707.95056300
      210.82665600
     1321.39933200
        0.00000000
        0.00000000
       30.06180000
       59.95806800
      120.11462700
      150.26651800
      450.51683100
      806.74510800
      537.12131100
      478.65230100
      299.88409000
       90.07919600
       29.86623700
       87.01464900
      526.80419100
       27.37373000
       55.52311700
       28.41599800
      233.60869100
      175.50004600
        0.00000000
       29.83767200
      118.90536200
       29.55494900
       59.15604100
      147.47224400
       88.59892500
       29.47511200
      321.60994500
      204.38993600
       28.88915700
        0.00000000
       28.81811000
      150.54631300
      362.03070100
      181.03732400
     1772.39737900
       29.62086900
      117.56718600
      234.11188200
       87.95876900
       29.53077800
        0.00000000
        0.00000000
       30.01419100
       30.03177000
     1800.36658800
      697.56220900
      419.13516800
       89.85213800
      449.62984200
      179.22379300
      116.53883400
      144.80541300
      398.25546800
       54.08459800
      190.37461500
       58.38111500
       58.78029800
        0.00000000
       29.79592300
       58.89455900
      176.69759100
      176.26471800
       58.49830600
       58.85061200
       58.20093400
      202.32663900
       86.45945600
       57.58641300
      353.06558500
       29.50880500
       29.60182500
        0.00000000
       30.06766000
       60.18366100
     1136.59944100
      178.53822400
     1100.41807400
      177.74718500
      150.23575600
      173.63231300
      359.62105200
       27.30268300
       55.16934700
      146.10550200
      116.77028700
       59.77056200
      295.90765200
       29.75490600
      147.56453200
       88.15872700
       88.21219500
      176.38630300
       88.21146300
      264.75231200
      176.55330000
      146.44828600
      178.11194100
      414.79104100
        0.00000000
       86.31662900
      206.10019200
      324.08194200
       30.26395500
       30.25589800
      540.11114900
       30.21268300
     1130.33045100
       58.69899600
      264.47105200
       59.29740300
        0.00000000
       90.28354700
      935.52894400
      120.35560200
      238.67720500
     1579.87679900
      390.22110800
       88.80181300
       57.47141900
       54.34241800
       55.14737400
       28.10617400
      146.13553300
        0.00000000
       88.40995400
       58.89455800
       88.25467700
       29.36671000
      591.20224500
      235.92834200
       58.81325700
      264.88122200
        0.00000000
       29.16162600
       57.97900300
      173.69676800
      120.63246600
       60.25543900
      351.01840300
       29.71681900
       29.82595300
        0.00000000
       60.21588800
      210.86181300
      180.92526000
      178.72280000
     1879.12000200
       59.73027800
       59.00662300
      114.78755900
       57.48094100
       57.30149200
      197.26032400
     1094.26865400
       27.47700400
       82.19296900
      106.50801200
        0.00000000
       29.70876200
       59.79033800
      266.53141900
       88.51469500
      118.05426200
      947.66490800
      444.35477900
       58.60963700
      147.15289800
       88.31766700
        0.00000000
       29.19678300
       29.07519800
      144.07150400
      509.84719500
      412.69331900
       29.79738800
       29.87868900
      150.69866000
      781.71007500
      841.78753100
      393.90530200
      207.32117600
     2669.05542400
      150.50163300
       89.98764000
      150.08999900
       29.85598300
      299.09158600
      353.92913700
       86.00460900
       86.91576900
      163.25724000
       82.91589000
      161.13754700
      412.92843500
       58.37598800
       58.36646600
       59.78447800
       59.05349900
       59.22049600
     1631.53553900
      147.47737100
      235.16879800
      207.37391200
      206.10824900
       87.73537400
       29.05249200
       28.89135400
       29.01440500
       57.63182400
      501.41383100
      449.22992800
      119.00790400
       29.95706000
        0.00000000
       30.07718100
       88.86040800
      240.33253100
      209.77413200
      112.79165000
       82.14609200
       29.26270300
       29.29200100
       88.95709100
      147.82088700
       88.71977800
       59.21317200
      266.70354500
      622.42936600
      739.74239500
      207.50135700
       58.12549200
       86.72093900
      270.23319100
      266.96356100
      265.87148500
       59.75518000
       30.09915500
      120.73574100
      210.37034200
      775.74871000
      119.45909000
      837.05374100
     8363.82650500
       88.85967600
      118.47468500
       29.60988200
      150.28629400
      284.83748800
      221.22745600
      221.07583800
       25.91836300
      147.68391900
      176.80892400
       58.80886300
       58.89822000
       59.49150100
       29.57252700
      267.00164900
      296.94845400
      118.14728300
       58.90334800
      355.66136500
      204.83892300
     1181.09415000
     1330.86114100
        0.00000000
        0.00000000
       30.05887000
      120.81484400
      480.60499800
     1808.17664200
      271.00006000
      121.15982600
     2149.32966200
      569.09405800
       60.34333300
       57.73363500
      281.35544800
       80.24832900
       26.05166800
      177.61681000
      177.71569000
       59.21756700
       29.63551700
      178.06946000
      176.26911300
       88.20633500
       29.63918000
      719.54881500
      118.13995700
      325.47505100
       59.75151800
      181.45921200
      332.89691000
       60.31257100
      150.51555000
     1323.70360600
     1414.28745400
       30.17020200
      114.48799100
      198.13193100
      116.58937400
      394.84585100
      296.57710600
      118.44538700
      355.37351500
      148.31748400
      118.67903700
      118.51570200
      147.73958500
      177.26010900
       88.30741300
        0.00000000
       30.30204200
       30.20902100
      390.84661400
      684.78472300
      119.18295800
     2506.21283700
     2093.24402200
      695.52528300
      633.05273600
       29.94167900
       59.93023400
      292.38312900
       57.65672800
       86.29978300
      233.22342500
       55.61394100
      162.94741700
       59.39628300
      118.46516300
      325.87203400
      118.10187100
       30.10501400
      957.46940600
      180.22357900
      148.52842700
       29.97830100
       30.08011100
       30.21341600
       30.18118800
       30.20755600
       30.20828900
       60.59895600
      209.93160800
      209.92721300
     1032.32905000
     2535.04403900
      119.86559600
      119.75206800
      269.34327200
       60.38801200
       29.14185000
      116.47584500
       87.36182700
       29.71022700
      355.89794600
      148.14609200
      118.48347500
     1129.47716100
      148.45957900
       29.77102000
       29.84060200
      148.05600200
      416.57454200
      597.23319100
      300.44733900
       89.55989300
       30.13504400
        0.00000000
        0.00000000
       30.32401500
       30.34232600
       60.77840500
     1230.94659000
      240.85476300
       30.31009900
       29.72194600
       58.15112800
      367.59151000
      111.02426200
       89.08380400
     2614.12201600
       29.68166100
      385.85500700
     2051.79793300
      148.57896700
       29.61354400
       29.59010600
       59.31351600
      329.46760500
      449.49067600
     1330.94170900
       59.88921700
       60.18805500
        0.00000000
       30.41410600
      329.48518200
      273.37977200
      781.21860200
       59.76030800
       58.13281700
       29.26856300
       58.52101200
       29.03857500
       29.13452600
      173.97656200
      115.78734700
       59.32889800
      326.17966300
      148.64854900
       59.42338300
      296.72725600
       89.11603200
       89.10284700
      237.70891400
      718.82955700
     1169.48554800
       59.34427900
      534.72914900
       29.85744800
        0.00000000
       91.26575600
       30.49321000
       30.43168400
     2012.32267300
      240.23804500
      119.92126300
      328.04080500
       29.47218200
        0.00000000
       58.29834900
       29.67067500
     1041.46272100
      297.13596000
      207.67128600
      148.45225400
      208.06973500
      119.21005900
       30.07425200
     1621.53758700
      596.79592100
      597.12772000
       60.11407800
       90.05209600
       30.17752600
      181.01388500
       30.05154600
        0.00000000
       30.46903900
       30.45439000
       91.26868500
      299.57133800
      239.89965500
      149.60878400
       59.16116800
       29.20484000
       58.12769000
      461.08316400
       55.44987400
       59.35233600
       59.32010900
      414.87380500
     1336.72582300
       29.74465200
      209.59395200
      120.15344700
       30.06326500
       30.26688400
       30.08523800
       60.81942200
      299.95953300
      781.84557500
      212.92437600
      783.41740200
      209.43354700
      148.26474900
       29.61281200
      205.71199600
       29.08984600
      378.46611100
      566.46907100
       55.59636200
       59.32010900
       29.65895600
       59.74126400
       89.39362800
       59.61894600
       59.62041100
       59.61967800
      566.39060500
      359.40781800
      150.28043400
       30.05374300
       30.05154600
       30.02737500
       60.30304800
       91.04528900
       91.42835800
      152.15036500
       30.30790100
       60.48176500
      660.68135500
       89.46028000
     1164.69023400
      359.19760800
       60.87875000
      212.73613800
       60.52205000
       59.30253000
       29.65016600
       29.40772700
       29.72853800
       59.30326200
      296.27607200
       59.26297800
       29.83986900
      447.31898100
     1136.93783400
      150.36539800
      391.30366100
     1422.09247000
      150.44303700
      120.65077700
      120.96133300
      543.36393400
       30.42289500
       60.56672900
       30.25223500
       30.28080100
       90.85631800
       30.23465700
       60.41145000
      268.09079400
      209.79757000
       30.12039600
       30.25370000
      122.83932000
      300.42024000
       89.30427000
       59.61235400
       29.81789600
      118.13409900
       29.33814500
      116.93288900
       27.77437700
      148.26035400
      118.55305600
       59.29960000
       29.64943400
        0.00000000
       29.71242400
       30.09256300
        0.00000000
        0.00000000
       29.85598300
       89.40095200
       59.60576200
      539.58671700
      654.58961900
      660.76338900
      150.71184400
       91.07385500
       60.54182500
       30.33719900
       30.16361000
       60.12067000
       89.46540700
      536.53096000
      179.18057800
       60.19171700
       30.24271400
       60.42024000
        0.00000000
        0.00000000
     3752.08581700
      927.20398600
      389.68715400
       29.82888300
       29.76149800
       59.48930300
       29.73073500
       29.63185500
      177.55968000
      148.45518400
      117.72026800
       29.63405300
       59.31644700
      416.19220500
      267.47773800
     1960.80098500
       29.67799900
       29.70363500
       59.41459400
       29.68166100
       30.02298000
       29.93362200
       29.92922800
       29.81789600
       89.40901000
      720.67677800
      120.45814300
       90.49156200
        0.00000000
       30.19583700
       89.86239200
       60.17706900
      268.82543400
      835.44895800
        0.00000000
       61.40611000
      122.76387800
      270.16873800
      119.48252700
       89.57820400
       29.85085600
       29.83181200
      148.90270700
       29.17261300
       29.95413100
        0.00000000
       29.64870100
       59.26444300
      148.23178900
      594.84469000
      713.24173800
       59.36625300
       29.82668500
       29.77761200
      119.36973100
      179.51603700
       59.96978700
      478.78121300
      240.94045800
      237.57854000
      685.38971900
        0.00000000
       30.64336100
      275.51411500
      150.26651800
       29.77614700
       29.93508700
      234.07306000
       28.85033700
       29.90212700
       30.00100700
       29.61354400
       88.87286000
       59.33768800
      208.30045400
       59.36185800
       59.61821300
       29.78054100
      238.88668400
      208.93621700
      119.53086900
      179.16373200
      746.71892300
      857.44947700
       59.62993200
      300.00933900
      180.06170800
      119.69859900
       89.14533000
       30.74590300
       30.64116300
       30.61406300
       61.28379200
      507.69967000
      150.25992600
       29.86404000
       29.97390700
       59.59111300
       89.51448100
      349.44364700
       85.51606800
      171.01748700
       29.92556500
      147.55647400
       88.63701300
       88.98565600
     2202.86574700
      148.38779800
       29.73220000
       29.90066200
       29.85378600
       29.83181200
       89.77962500
      657.08358800
      178.30677200
       30.06619500
      119.00204500
        0.00000000
        0.00000000
       30.28080100
      387.59309700
      357.11673400
      149.84756000
       61.51304700
       61.27207300
      307.11917600
       61.31162400
      150.27018100
       29.84792600
        0.00000000
        0.00000000
       30.01052900
       29.97756900
       29.90066200
     1423.35887000
      237.42911900
       59.34135000
      357.22147200
       29.88161900
      119.46568100
      119.75280000
       89.79793700
      329.89169000
      150.18814600
      656.06329700
       59.58818300
       29.75051100
       29.74611700
      179.56804100
       89.90707100
       89.70711300
      178.86489400
       29.71315700
       30.72173200
       61.40098200
       61.19150400
      119.87951400
      389.56263800
       29.86550500
        0.00000000
       30.01785300
       29.89700000
       88.92486400
      234.09503400
       87.08130200
       28.87157800
      143.65108300
       29.87942100
      358.56111300
      179.66325700
      179.80681800
      390.86126200
      451.98904400
      812.99945100
      208.83660300
       29.67433700
       89.24054700
      119.35361800
      209.05413900
      239.27561300
      270.63384000
       30.75029800
       61.40611000
        0.00000000
       30.56425700
       30.48515300
      722.84554600
      119.57701300
       59.79693000
      149.70912900
      149.75527200
       89.95980800
       29.88015400
        0.00000000
       30.14456600
       30.00979600
       29.90212700
      119.88537300
     4034.23688300
     3708.01693500
      919.21594900
      981.69875200
       89.54451200
      149.23743300
      301.84850500
     1658.95092400
      512.23276500
      119.97546400
      120.00183000
      326.36130800
      148.51231300
       89.27277500
      417.28940700
       89.41926300
      119.28330300
      208.02725200
       29.79885200
       59.79107100
      180.02069200
      120.68739900
        0.00000000
       30.59941400
       61.12192100
       30.51738000
      827.18762900
      904.24396800
      180.32831700
       29.83547500
        0.00000000
       29.93069200
       29.78713300
       29.39454300
       29.79372500
        0.00000000
      568.65092900
      300.69637300
       90.71568900
      694.89245200
      788.95760900
       89.01202500
      296.17426100
      268.90453700
      837.60307600
      208.90105800
       29.74465200
       29.75417300
       60.83846500
        0.00000000
       30.75176200
       61.15707900
       30.53935400
       61.13144300
      275.46577300
      122.51045300
      571.65907600
       89.70638100
       29.96365200
       29.82522000
        0.00000000
       29.75783600
        0.00000000
       29.79592300
       29.80617700
       29.82741800
       59.55009600
       29.91091600
       90.06674300
      302.58241400
      666.39955100
       29.77394900
       89.43244700
      388.68224300
      118.82992100
      119.01376300
      118.95077400
       29.68166100
       88.41874500
       29.68385900
       29.76442800
      148.87267700
       29.80690900
     2037.30048400
      758.11648700
        0.00000000
       29.79885200
       29.43922200
       88.67363500
      296.49360700
      325.80025600
      713.36844900
       29.80983900
       29.84353200
       29.95852500
      149.08728300
      180.67842700
       90.63365600
       90.70397000
      151.69038900
      483.16635700
       59.44096200
     1681.75347200
      802.97228800
      149.28650800
       59.68047100
      177.98596200
      178.10974500
       59.51786900
       29.80544400
       60.04742600
       30.45951700
       30.13943900
       60.34333300
       60.28693500
       60.92855600
       30.61333000
       30.63237400
      336.62431700
        0.00000000
       29.76589300
        0.00000000
       29.53297500
       59.55082800
      149.00964400
       29.77687900
       29.76149800
       29.98049900
      179.09341600
      150.68987000
       60.34260100
       90.66734800
      452.18900100
      119.80700000
       88.85821100
       29.38575400
       89.49031000
        0.00000000
       30.51811300
       30.14383400
       30.66460200
       61.22446400
      214.32407600
      210.13303100
      354.29828700
        0.00000000
       29.73659500
       29.43995500
     2636.17965600
      445.56770800
      148.89391700
       59.60429600
       29.79299300
       29.82888300
       30.01712100
       60.10528900
      241.55717700
       29.94241200
       89.88729500
       29.98123100
       59.46513300
       29.70949400
       29.73879200
        0.00000000
       30.54521300
       30.19657000
       30.47929300
        0.00000000
       30.70488600
       30.57817300
       30.01199400
       58.51808300
       29.29639600
        0.00000000
       29.48609900
       59.25125900
      237.16177800
      178.60927100
      119.14853300
      148.94885000
        0.00000000
       30.12112800
      150.35514400
      240.93533100
       60.67000300
      269.17554100
      239.64989200
       29.67946400
      119.78283000
       29.72341100
       29.92996000
      122.74044000
      244.70448900
       61.21713900
      183.27787100
       91.68471300
       61.09482100
      183.34013000
      183.26102500
      213.46711500
      240.85110200
      181.18601100
      632.07638800
      267.42133800
       29.30591800
        0.00000000
       29.60988200
       89.35700500
       29.70217000
       88.99005000
        0.00000000
      392.96264500
      542.10046900
      484.90884200
       60.70589300
      911.35819500
       29.81276900
     1626.81850400
      148.77086700
      118.75814100
       59.34428000
      473.20804400
       89.33503200
      297.56077700
       89.31305900
      148.92761000
       89.27130900
       29.67726700
      240.14722300
      180.90548500
      271.96542300
      907.93914500
     1782.37474000
      606.99447600
      273.82143600
      122.45259000
      624.44944400
      838.84969500
       59.58232300
       90.22861400
      150.84514800
        0.00000000
      183.32841000
       91.09582800
       90.09970400
      148.45957800
       29.90212700
      413.72460000
      445.56477600
       59.50907900
      148.88073400
       29.77321700
       89.28229600
      119.16904200
       59.50468400
       59.39335300
       29.70802900
       59.47319000
      120.53358600
       61.29404600
      149.24842100
      631.07220700
      180.05804600
        0.00000000
       30.21927500
       61.11240000
       30.50126700
        0.00000000
       61.30210300
       30.55253800
      122.19110700
       60.90292000
      699.84670500
      212.84527100
       91.22034400
       60.11481100
       30.15042600
       30.05594000
       59.75811000
      177.98010100
        0.00000000
       30.11233900
       88.83550600
       88.73369600
      415.66191600
      476.12317200
       89.05377400
       29.68971800
      239.68431600
      606.39020800
       30.00906400
        0.00000000
       60.50300600
       30.25809500
       29.93069200
       91.49647600
      152.56126500
       91.41004700
      122.12006000
       91.75795800
       61.32407600
      152.49534700
      396.42783900
       30.02591000
       30.07058900
      300.67659400
       88.04080300
        0.00000000
       60.12726200
       29.55714600
      238.07220700
      357.57817200
      417.25644700
       29.67214000
       59.46220300
      150.31412700
       60.34333300
       60.38874500
      181.26291600
     1446.46235700
      300.43781900
       30.09402800
      150.59611800
       60.22174700
      150.49943600
      332.50431800
        0.00000000
       30.23905100
       30.24637600
       60.44221300
       30.24491100
        0.00000000
       30.37162400
      209.89278800
       29.93215700
       29.83767200
        0.00000000
       91.77626900
       30.61626000
       30.56352400
     1434.97909600
       29.92117100
       60.03058000
       30.15701800
       90.24619300
       29.67360500
      201.02069000
      171.95355100
        0.00000000
       59.07474000
     1571.82064400
       29.73146800
      148.75841500
       59.43656700
      210.47801100
      150.42912000
       30.20755600
      782.26453400
      484.29871500
       90.40220400
       60.27228600
      423.07498400
      272.48545600
       30.18997800
      363.62816200
       90.89367300
      122.14056800
      209.65987200
      149.74208900
      180.03094400
       29.92703000
       30.51371800
       61.05819800
       30.40238700
       60.87508800
       91.70375700
       61.09189100
      180.93844400
      210.33225500
       60.19904200
      120.56361600
       89.01348900
      118.46955800
       27.84102900
      169.01425300
       90.14291800
      386.10257200
      416.28229600
      446.59532300
      208.32975400
       29.78493600
      298.26319200
      628.39219400
      151.08758800
     1112.62865200
      788.16730400
       30.22879700
       30.21414800
       29.76809000
      119.27011900
        0.00000000
      179.74895600
      390.50822500
       29.94094700
       91.30164500
       61.03183100
       61.05014200
      122.41596700
       61.14682500
       91.86855700
      183.43607800
      274.81975800
      695.97061100
      655.93438600
       29.93728400
       59.97418100
       59.62480600
      469.02578600
     2196.35221300
      141.99868700
       56.71773400
      147.62239400
      621.74892400
      118.17145400
      267.42646700
       59.59770500
      208.99993800
       89.51301600
      180.03680400
      269.57106200
      120.28089200
       30.16214500
       60.27375100
      756.98046500
      211.44703400
      242.31159300
      148.62071500
       29.65016600
       89.60310600
      179.95916600
      244.18005900
       60.92562600
       29.92922800
      179.54094100
      270.85137300
      210.16159500
      208.82708200
       29.55275100
       85.44282400
     3466.76592500
      324.63420400
      446.54845000
       89.42219300
      119.11264400
       59.65849800
       59.99835200
      303.14346700
       90.18540000
      210.79076600
       60.37189900
        0.00000000
      119.88976700
       30.54448100
       60.82894400
       30.88506700
       92.00332600
       61.24936700
       30.58110300
       30.57817300
       30.57451100
       30.56425700
      423.36210200
      119.67809100
       89.80892400
      179.62077700
      285.02499500
       57.01584000
        0.00000000
     2041.09473000
      743.50495900
      954.86629500
       59.63139700
       89.28742300
      271.45344300
       89.39436000
       29.77907700
       90.16928600
       30.09109800
      210.19821800
       30.22806500
      121.17520700
      242.91805800
       30.12772000
       30.69975900
       59.25711800
       59.95367300
      450.94311500
      210.20261200
       30.40971100
       61.66026800
       61.45225300
       30.54155100
       30.57890600
       61.15414800
       30.58842700
       30.58110300
       30.57011600
       91.67079700
      362.48408400
      362.53462400
      537.06930700
       29.87722400
      240.03589000
       28.51707500
      356.70803100
       29.82009300
      119.28696500
      268.09885000
       59.57207000
      239.76854800
      149.69447800
       29.61281200
      390.37785000
      242.62141900
     1088.78676700
      121.21695700
       59.85479300
      240.09228800
      150.46134900
       91.60121400
       60.98275700
       60.58650500
      120.61928200
       30.10062000
       60.67806000
       30.56352400
        0.00000000
       29.67653400
       89.38776900
       29.93435500
       30.12186000
      421.45115600
      390.29288600
       61.73937200
       61.31089200
       30.58183500
       30.54374800
       30.32987500
       30.78618700
       91.83413300
       61.20175800
       60.96810800
       91.44666900
       29.92117100
      119.53599700
      209.39545800
      747.65791800
       85.82589200
      177.53404300
       89.23102500
       59.48051400
      298.06982700
      505.92495400
     1258.97952000
      360.13953000
       59.84746800
       59.67607600
       29.67067500
      636.29233600
      453.14777000
       30.08084400
       29.90505700
       60.93368300
       30.49833700
      273.36732000
       91.14270400
       30.59062500
       59.41386200
        0.00000000
       59.61381900
       89.46687200
       29.85305300
       29.91091600
        0.00000000
       30.80376600
       30.69463200
       91.88100900
       30.50273100
       61.28525700
      273.12121900
      994.73552800
       29.92410000
       29.90432400
      149.05945000
       29.71608600
       60.17267400
      321.51912100
       85.94894300
     1659.70324100
      178.45472600
     1819.47468300
      268.43723800
        0.00000000
       29.56593500
       30.38407500
       60.55281300
        0.00000000
       30.13943900
       90.36704700
       60.80990000
       30.38114600
       30.35770700
       60.55354400
      121.23014000
       30.39140000
       30.66606600
       29.75417300
      119.39463400
      268.91552300
       60.14264300
       29.97390700
       29.91384600
      812.69329000
      298.05664100
       89.44856100
        0.00000000
       30.83159900
       91.97476100
       61.24936700
       61.49473600
      427.20010700
      212.42484800
       29.88747800
       89.21491100
     1457.66152000
      178.79824100
      321.77254400
       59.90533100
      178.39100400
     1397.42585600
      208.13126000
      633.18164700
      210.17258200
      449.74117100
       89.25739300
       30.21268300
        0.00000000
       29.88967600
       60.67952500
       30.23099500
       61.46177600
      335.08691600
       60.67586300
      121.40299600
      363.17551000
       30.63823400
        0.00000000
        0.00000000
       29.75270900
       60.63631100
       60.02838200
       30.20242900
       30.08157600
       59.94341900
      179.93719300
      149.92080500
      297.98339700
       89.68733700
       89.57380800
        0.00000000
       90.50108300
       61.43321100
       89.11603100
       88.97833200
       89.20538900
      118.81307400
      179.22013200
      292.65413400
       30.13358000
     1450.58025000
      505.96011300
       59.73467200
      209.58369600
        0.00000000
       30.25223500
       61.07577700
       60.20563400
        0.00000000
      121.06241000
       30.31595800
      302.62050400
       30.63383900
        0.00000000
        0.00000000
       29.96585000
      239.41331300
       30.18704800
       90.05502400
       30.03689700
       30.09915500
      901.22922500
      360.11682400
      209.95577900
        0.00000000
      178.81069300
       59.48710600
      241.48979100
       92.04947000
       29.69631000
      870.25040400
      509.32715900
       29.72707300
      387.61360400
      299.85479200
      475.38999600
      357.75322800
      180.15839000
      209.93673400
        0.00000000
       30.52617000
       30.64189600
       29.94387600
       59.91705000
       59.90752900
      633.70021800
       90.46446100
        0.00000000
       30.72173200
      182.87649200
       60.49421600
       30.34305900
       30.45878500
       30.50419600
       30.41117600
       30.02957200
       29.87722400
       29.92849500
       30.04129200
      330.83947400
      330.95007400
       59.94341900
      179.07876900
       30.03836200
      153.05859600
      424.64314800
       29.67873200
       29.60695200
       29.56007600
      690.18357000
      299.71123400
      651.05410700
      416.14239900
      626.41532500
      150.37198900
        0.00000000
       30.69463200
       30.08450600
       30.09695700
       30.22513500
       60.81942200
        0.00000000
       30.70928100
      213.42609800
       90.90173100
       30.30716900
       30.27640600
       30.34598800
       60.57112300
       30.45146000
       30.79570900
        0.00000000
        0.00000000
       29.92922800
       59.78374600
       30.05447600
       29.95266600
       89.87630900
       89.85580000
      179.76580100
       60.17999800
       90.54576300
      121.76995100
       61.00253300
      152.17160600
      151.31464500
     3546.02087400
      444.01931900
      743.69393200
     1079.91540200
      148.58922100
       60.20636600
       90.54136800
      121.26017000
       90.97350900
       92.47648600
      274.99115000
      212.98736500
      273.16516600
       60.57405300
       30.37968100
       30.44340300
        0.00000000
       30.72026700
       30.90191400
       31.00738500
      150.33903000
       59.85186300
       60.04522800
      450.39963900
       89.93563700
       60.22467700
      120.47718700
       90.41172600
      121.87249300
     1917.45109100
      329.74959400
      357.04495600
      326.91284000
       59.49003600
      594.80367500
      683.34913200
      331.15149500
      150.26066000
       30.17606100
       90.87902400
      211.47193800
      363.76732800
      121.85345000
       30.56645400
       61.26841000
       30.82207700
        0.00000000
       89.76717400
      389.84755900
       60.00054900
       30.05447600
      210.24655900
      120.28821600
      180.31440200
     1364.60045200
      182.72048000
      365.41532600
      296.05633800
      899.02676700
      444.82720400
      299.02859600
      665.17050700
       60.24884700
       30.70342100
       30.62138700
       30.50712600
       60.54548800
      576.89312400
       60.77620800
       30.38700500
       60.66780600
      789.89513800
       30.31376100
      151.20038500
      211.49610900
      122.43354600
       30.73857800
        0.00000000
      179.57463400
      510.34818500
       89.90780300
      149.89370300
       30.54374800
      239.88647100
     1138.05993800
      297.57176400
       29.55714600
       29.53297500
      978.78508700
      298.05590900
       29.76003300
      300.77181300
      965.14102400
       30.18338600
       60.69197600
       92.15640800
       30.28519500
       60.77913700
       30.31595800
       30.80523100
       30.21048600
      181.42112500
       30.76787600
      509.94241100
      270.15555200
      180.14081300
      120.16150500
      780.92709000
      600.13220700
       29.98123100
      450.77099000
      120.27063800
      395.21124800
      394.08841100
       59.13699700
      118.90755900
     2182.39164000
       30.13138200
       30.33866400
       91.18518600
       30.43388200
       30.35990500
       30.19876700
       60.89925800
        0.00000000
       30.73711400
      272.64000300
      182.42750400
       30.65141800
       30.74883300
        0.00000000
        0.00000000
       30.08304100
       29.90578900
       29.89260500
      120.02380400
       29.96365200
     2320.15011700
      212.96172800
     1446.23163600
       59.33329300
      268.34055600
      148.86974700
       29.55128600
      118.71273000
      267.37446300
      326.72899600
      361.20889700
      240.55812300
      424.36115500
       91.36536800
       91.81362300
      120.61342200
        0.00000000
       30.35551000
       30.32767700
       91.11047700
       91.64882300
      121.41691400
       91.07971400
      151.16815700
      120.92983800
      151.27509300
       30.13431200
       30.35184800
       60.77547500
       30.54667800
        0.00000000
        0.00000000
       30.17093400
      120.42811400
       29.97756900
       29.91824100
      539.56914200
      150.05923600
      961.26419500
     1543.40088900
      454.74816200
     1732.71629800
        0.00000000
      652.36005900
      629.98965400
        0.00000000
        0.00000000
       30.70195600
       30.48295500
       60.58723700
       60.06060900
       60.98715200
       30.28739300
       60.44221300
       30.30863400
       30.20975400
      180.62349400
      121.48136800
       30.14383400
       30.00174000
      120.01940900
       29.96365200
      268.21677300
     1817.43336300
       29.66701300
       88.99517800
      238.96359100
      119.14926700
       29.68605600
     1040.53251800
     1082.90524100
      359.24741100
       60.94833200
       61.56431800
        0.00000000
        0.00000000
       30.45439000
       60.65901700
      180.53926200
        0.00000000
       30.34086100
       60.62532400
       30.51518300
       30.36283500
       30.23978400
      120.21643800
       90.32895900
      181.49217300
       30.31376100
       30.28373100
       30.27640600
       60.38215300
       30.66386900
       90.13266400
     1018.69533300
       61.05526900
     1517.44663900
      298.01782300
      268.21530800
     2553.86281800
      325.87130300
       89.23102500
       29.70583200
       29.93435500
      207.97305200
      743.15338800
      180.85567800
      151.14252100
      151.89327600
       60.87655300
      361.17593900
        0.00000000
       30.32767700
      121.19351700
       29.96511700
      269.16455600
       30.14456600
      121.81682800
       30.38480800
       30.38187800
      121.16788200
        0.00000000
       59.27543000
       29.82082600
       30.10940900
       61.35117700
      120.98989800
       30.01565600
      119.88317500
       29.95852500
       29.96511700
      149.52162200
      578.63560900
      269.09863500
       89.94589100
       29.66115300
      118.98666300
       89.28156400
       29.77175200
       29.93948200
        0.00000000
        0.00000000
     1541.09012400
      267.46308600
     1318.66365700
      873.11426100
      302.55604700
      120.46620000
       30.32474700
       30.30863400
       90.50621000
       60.04229900
        0.00000000
       60.48616000
      179.72038900
       89.83968500
       30.29764700
       30.37968100
       30.76860900
        0.00000000
       30.35404500
      150.07754700
       29.80544400
       90.18540000
        0.00000000
       91.72792700
       30.22806500
      149.51210100
      538.84035600
       59.93609400
      149.40955800
      943.71474900
       29.94387600
       59.96099800
      509.39674200
      591.21250300
       29.67433700
      653.03390700
      117.80303400
      178.29651900
       30.17239900
        0.00000000
        0.00000000
       30.44779800
       91.03796500
       29.97683600
      152.12546200
       30.31229600
      121.07046800
       30.02591000
        0.00000000
       90.10849400
      358.91854500
       59.67534400
      120.29627300
       30.58110300
       60.67879300
       60.75936100
       29.69557800
       60.07745600
       29.97683600
      149.34290600
      871.55342300
       89.92757900
      325.26703700
      474.66341200
       60.38361700
       30.24491100
       30.12991700
       60.42463400
        0.00000000
      119.95568700
       59.80352200
      272.49498000
       90.24692600
      119.81579000
       60.00054900
       30.01126100
       29.94094700
       60.58211000
       60.01373300
      389.32386300
       61.00912500
       61.38486900
        0.00000000
       59.56694300
      657.10409900
     1529.06036200
      273.27869500
       29.95193300
       59.93756000
      442.32517500
       59.45927300
      208.03091700
       90.63292300
       30.22513500
      120.74013500
       30.02664300
      179.90496500
        0.00000000
       30.15189100
       60.13678400
       30.66020700
       30.68730700
       60.01519800
       89.91659300
       29.97170900
       29.95413100
       59.85845500
      120.09192100
      120.32996500
       90.59996300
        0.00000000
       30.29837900
      240.11206200
      120.00476000
       29.93142500
       59.90386700
      119.87365400
       59.46293500
      630.99969300
       30.20169700
       30.19730200
       90.57213100
       30.09842200
       90.21982500
      271.87752800
       30.71514000
       30.68511000
        0.00000000
       29.97463900
       29.93142500
       59.88409100
       30.03689700
       29.89333800
       30.56718600
        0.00000000
       60.53889600
       89.72762300
       59.97637800
       29.96145500
      449.54341300
      118.93612500
      118.91561700
       89.14386400
       59.42484800
      300.46931300
      120.10071100
       60.17853300
      212.86651200
       91.92202500
       61.36289500
        0.00000000
        0.00000000
       29.91750800
       59.81670600
       89.74813100
      149.49964900
      210.60838500
       30.54081800
        0.00000000
       29.59743000
       30.22660000
        0.00000000
      394.38139000
      182.07080300
      636.78014300
      179.68450000
       60.53083900
       60.11554300
      120.19373200
       91.93227900
       30.64775500
       30.64629000
       29.88821100
      209.91476200
       30.48661800
        0.00000000
        0.00000000
       89.22150400
       29.13818800
       59.99102800
       29.83767200
       89.42878500
       91.35364900
      267.84322800
      295.10049800
       59.05276600
      118.29377100
       29.88674600
       30.40092200
       30.38700500
      120.24060700
       29.84939100
       30.27127900
       59.35526600
       29.24951900
       29.78713300
       91.29578600
       29.58424600
       60.08111800
       60.89999100
